11
7
12
17
14
2
2
2
2
11
16
7
11
2
11
17
12
17
1
2
12
2
13
19
10
15
11
2
20
4
11
9
2
10
15
20
7
14
16
16
20
7
4
20
2
2
9
7
1
17
18
17
11
15
2
1
13
15
19
7
2
15
7
17
13
3
13
11
13
2
4
11
13
17
7
13
2
17
2
13
11
17
2
2
2
21
13
7
2
7
11
7
14
7
2
16
14
2
14
2
20
2
2
1
11
2
17
13
3
3
2
17
16
4
3
11
2
21
3
20
21
17
3
14
3
14
4
17
2
11
20
17
2
10
17
16
17
9
13
11
3
4
19
16
13
2
17
11
11
2
2
3
13
2
2
11
3
20
3
1
14
2
3
13
2
11
13
13
9
19
8
2
21
2
2
2
7
3
21
7
2
17
11
11
21
1
11
3
13
2
17
19
13
14
10
13
7
1
18
2
17
19
20
19
3
19
2
16
3
20
1
14
11
19
4
17
17
20
7
1
17
2
1
1
11
17
19
4
13
14
11
11
11
11
14
13
2
13
13
13
11
1
2
20
13
13
4
18
17
2
3
7
19
2
4
13
13
4
1
16
13
15
13
2
2
2
13
3
2
1
2
21
11
10
13
17
4
7
10
1
10
4
18
9
2
11
8
2
2
21
15
14
1
2
7
2
13
2
17
2
2
11
21
4
16
3
11
7
11
13
11
3
3
11
7
7
9
13
21
