11
14
7
2
17
9
7
16
11
4
3
13
11
1
17
20
13
2
11
13
17
2
3
3
8
21
1
1
13
21
16
20
2
19
11
14
12
2
17
1
11
7
16
2
13
15
15
11
14
7
10
3
13
19
17
17
11
15
4
1
2
13
9
17
13
17
3
11
11
2
2
11
17
11
2
1
14
14
11
2
3
20
9
21
13
11
13
14
13
13
14
9
4
3
3
2
11
11
11
11
17
11
17
11
15
2
20
11
17
7
1
8
1
21
16
7
19
16
13
9
20
13
7
2
13
3
20
2
2
2
2
13
21
9
15
2
17
7
11
3
11
11
4
9
11
3
7
3
2
14
16
3
2
2
2
13
2
3
11
2
3
11
11
17
20
3
21
20
20
2
14
9
13
9
2
10
15
11
2
17
4
3
3
11
13
8
11
20
21
11
11
17
16
2
7
4
14
7
14
11
13
11
2
14
2
13
11
4
11
11
2
13
13
13
17
1
2
2
2
14
2
14
3
3
13
13
13
2
2
2
3
10
13
21
14
15
2
13
21
2
13
7
2
11
7
3
13
2
2
3
2
20
20
2
7
7
2
13
20
1
2
7
15
6
17
11
11
19
19
1
13
15
14
14
3
2
11
11
7
13
11
11
17
13
11
13
2
2
14
2
4
1
4
2
10
2
11
4
3
13
3
11
13
2
2
7
11
3
14
14
16
15
11
15
21
9
1
19
8
13
15
7
13
7
1
2
7
13
2
11
17
2
13
13
2
2
2
7
11
3
7
1
11
2
11
11
2
